3.29E+16  1.18E-22
3.19E+16  1.48E-22
3.12E+16  1.72E-22
3.06E+16  1.98E-22
3.00E+16  2.20E-22
2.94E+16  2.39E-22
2.88E+16  2.50E-22
2.83E+16  2.60E-22
2.78E+16  2.71E-22
2.73E+16  2.82E-22
2.63E+16  3.06E-22
2.54E+16  3.31E-22
2.48E+16  3.50E-22
2.40E+16  3.76E-22
2.36E+16  3.90E-22
2.34E+16  3.95E-22
2.29E+16  4.11E-22
2.27E+16  4.16E-22
2.24E+16  4.23E-22
2.19E+16  4.30E-22
2.14E+16  4.39E-22
2.10E+16  4.49E-22
2.04E+16  4.59E-22
1.99E+16  4.70E-22
1.93E+16  4.81E-22
1.89E+16  4.90E-22
1.85E+16  4.98E-22
1.81E+16  5.06E-22
1.76E+16  5.14E-22
1.73E+16  5.21E-22
1.69E+16  5.30E-22
1.67E+16  5.41E-22
1.65E+16  5.50E-22
1.61E+16  5.72E-22
1.57E+16  5.97E-22
1.55E+16  6.11E-22
1.51E+16  6.32E-22
1.48E+16  6.70E-22
1.46E+16  7.11E-22
1.43E+16  7.89E-22
1.39E+16  1.01E-21
1.36E+16  1.22E-21
1.34E+16  1.61E-21
1.32E+16  2.98E-21
1.30E+16  1.26E-20
1.28E+16  1.30E-20
1.25E+16  1.35E-20
1.22E+16  1.41E-20
1.19E+16  1.46E-20
1.17E+16  1.50E-20
1.15E+16  1.53E-20
1.14E+16  1.61E-20
1.11E+16  1.67E-20
1.09E+16  1.72E-20
1.07E+16  1.72E-20
1.06E+16  1.82E-20
1.03E+16  1.92E-20
1.01E+16  1.94E-20
9.96E+15  2.04E-20
9.73E+15  2.25E-20
9.43E+15  2.30E-20
9.14E+15  2.50E-20
8.87E+15  2.63E-20
8.61E+15  2.72E-20
8.40E+15  3.53E-20
8.19E+15  5.35E-20
7.99E+15  5.43E-20
7.79E+15  4.79E-20
7.59E+15  7.36E-20
7.40E+15  9.71E-20
7.24E+15  1.00E-19
7.10E+15  9.30E-20
6.97E+15  9.26E-20
6.80E+15  1.12E-19
6.65E+15  1.18E-19
6.52E+15  1.07E-19
6.38E+15  1.14E-19
6.25E+15  1.34E-19
6.12E+15  1.14E-19
6.00E+15  1.50E-19
5.92E+15  1.23E-19
5.86E+15  2.22E-19
5.77E+15  2.16E-19
5.66E+15  2.03E-19
5.55E+15  1.72E-19
5.45E+15  1.73E-19
5.35E+15  2.35E-19
5.26E+15  2.78E-19
5.17E+15  2.76E-19
5.08E+15  2.87E-19
5.00E+15  2.33E-19
4.91E+15  2.41E-19
4.84E+15  3.17E-19
4.76E+15  3.05E-19
4.68E+15  3.42E-19
4.61E+15  3.33E-19
4.56E+15  3.04E-19
4.51E+15  3.54E-19
4.44E+15  3.85E-19
4.38E+15  3.21E-19
4.31E+15  3.93E-19
4.25E+15  3.03E-19
4.19E+15  4.24E-19
4.13E+15  4.34E-19
4.08E+15  4.41E-19
4.02E+15  4.28E-19
3.97E+15  4.32E-19
3.92E+15  3.86E-19
3.87E+15  4.45E-19
3.82E+15  4.08E-19
3.77E+15  4.51E-19
3.72E+15  4.66E-19
3.68E+15  4.74E-19
3.63E+15  4.89E-19
3.59E+15  3.72E-19
3.55E+15  4.86E-19
3.51E+15  4.84E-19
3.47E+15  5.10E-19
3.43E+15  5.18E-19
3.39E+15  5.26E-19
3.35E+15  5.33E-19
3.31E+15  5.24E-19
3.28E+15  1.22E-18
3.24E+15  1.29E-18
3.21E+15  1.73E-18
3.17E+15  2.20E-18
3.14E+15  2.50E-18
3.11E+15  2.64E-18
3.07E+15  1.72E-18
3.04E+15  1.97E-18
3.01E+15  1.95E-18
2.98E+15  2.46E-18
2.95E+15  2.62E-18
2.92E+15  2.25E-18
2.90E+15  2.45E-18
2.87E+15  3.20E-18
2.84E+15  3.06E-18
2.82E+15  2.77E-18
2.79E+15  2.91E-18
2.76E+15  3.06E-18
2.74E+15  3.22E-18
2.71E+15  3.33E-18
2.69E+15  3.39E-18
2.66E+15  3.45E-18
2.64E+15  3.52E-18
2.62E+15  3.58E-18
2.60E+15  3.64E-18
2.57E+15  3.70E-18
2.55E+15  3.77E-18
2.53E+15  3.83E-18
2.51E+15  3.90E-18
2.49E+15  3.96E-18
2.47E+15  4.03E-18
2.45E+15  4.09E-18
2.43E+15  4.16E-18
2.41E+15  4.23E-18
2.39E+15  4.30E-18
2.37E+15  4.37E-18
2.35E+15  4.44E-18
2.33E+15  4.51E-18
2.32E+15  4.58E-18
2.30E+15  4.65E-18
2.28E+15  4.72E-18
2.26E+15  4.79E-18
2.25E+15  4.86E-18
2.23E+15  4.88E-18
2.21E+15  4.89E-18
2.20E+15  4.90E-18
2.18E+15  4.91E-18
2.16E+15  4.92E-18
2.15E+15  4.94E-18
2.13E+15  4.95E-18
2.12E+15  4.96E-18
2.10E+15  4.97E-18
2.09E+15  4.98E-18
2.08E+15  4.99E-18
2.07E+15  5.00E-18
2.06E+15  5.00E-18
2.05E+15  5.02E-18
2.03E+15  5.03E-18
2.02E+15  5.04E-18
2.01E+15  5.05E-18
1.99E+15  5.06E-18
1.98E+15  5.07E-18
1.97E+15  5.08E-18
1.95E+15  5.09E-18
1.94E+15  5.11E-18
1.93E+15  5.12E-18
1.92E+15  5.13E-18
1.90E+15  5.14E-18
1.89E+15  5.15E-18
1.88E+15  5.16E-18
1.87E+15  5.17E-18
1.86E+15  5.18E-18
1.84E+15  5.19E-18
1.83E+15  5.20E-18
1.82E+15  5.21E-18
1.81E+15  5.22E-18
1.80E+15  5.23E-18
1.795E+15  5.24E-18
1.79E+15  5.25E-18
1.78E+15  5.25E-18
1.77E+15  5.26E-18
1.76E+15  5.28E-18
1.75E+15  5.29E-18
1.74E+15  5.30E-18
1.73E+15  5.31E-18
1.72E+15  5.32E-18
1.71E+15  5.33E-18
1.70E+15  5.34E-18
1.69E+15  5.35E-18
1.68E+15  5.36E-18
1.67E+15  5.37E-18
1.66E+15  5.38E-18
1.65E+15  5.39E-18
1.64E+15  5.40E-18
1.63E+15  5.41E-18
1.625E+15  5.42E-18
1.62E+15  5.43E-18
1.61E+15  5.43E-18
1.60E+15  5.44E-18
1.59E+15  5.45E-18
1.58E+15  5.46E-18
1.575E+15  5.47E-18
1.57E+15  5.48E-18
1.56E+15  5.49E-18
1.55E+15  5.50E-18
1.54E+15  5.51E-18
1.53E+15  5.52E-18
1.525E+15  5.53E-18
1.52E+15  5.54E-18
1.51E+15  5.55E-18
1.505E+15  5.56E-18
1.50E+15  5.57E-18
1.49E+15  5.58E-18
1.48E+15  5.59E-18
1.475E+15  5.59E-18
1.47E+15  5.60E-18
1.46E+15  5.61E-18
1.455E+15  5.62E-18
1.45E+15  5.63E-18
1.445E+15  5.63E-18
1.44E+15  5.64E-18
1.43E+15  5.65E-18
1.425E+15  5.66E-18
1.42E+15  5.67E-18
1.41E+15  5.68E-18
1.405E+15  5.68E-18
1.40E+15  5.69E-18
1.39E+15  5.70E-18
1.385E+15  5.71E-18
1.38E+15  5.72E-18
1.375E+15  5.73E-18
1.37E+15  5.74E-18
1.36E+15  5.75E-18
1.355E+15  5.75E-18
1.35E+15  5.76E-18
1.345E+15  5.77E-18
1.34E+15  5.78E-18
1.335E+15  5.79E-18
1.325E+15  5.80E-18
1.32E+15  5.81E-18
1.315E+15  5.81E-18
1.31E+15  5.82E-18
1.305E+15  5.83E-18
1.30E+15  5.84E-18
1.29E+15  5.85E-18
1.285E+15  5.86E-18
1.28E+15  5.86E-18
1.275E+15  5.87E-18
1.27E+15  5.88E-18
1.265E+15  5.89E-18
1.26E+15  5.90E-18
1.255E+15  5.91E-18
1.25E+15  5.91E-18
1.245E+15  5.92E-18
1.24E+15  5.93E-18
1.235E+15  5.94E-18
1.23E+15  5.95E-18
1.22E+15  5.95E-18
